303785.30868,2767155.40697
303786.30868,2767156.40697
303787.30868,2767157.40697
303788.30868,2767158.40697
303789.30868,2767159.40697
303790.30868,2767160.40697
303791.30868,2767161.40697
303792.30868,2767162.40697
303793.30868,2767163.40697
303794.30868,2767164.40697
303795.30868,2767165.40697
303796.30868,2767166.40697
303797.30868,2767167.40697
303798.30868,2767168.40697
303799.30868,2767169.40697
303800.30868,2767170.40697
303801.30868,2767171.40697
303802.30868,2767172.40697
303803.30868,2767173.40697
303804.30868,2767174.40697
303805.30868,2767175.40697
303806.30868,2767176.40697
303807.30868,2767177.40697
303808.30868,2767178.40697
303809.30868,2767179.40697
303810.30868,2767180.40697
303811.30868,2767181.40697
303812.30868,2767182.40697
303813.30868,2767183.40697
303814.30868,2767184.40697
303815.30868,2767185.40697
303816.30868,2767186.40697
303817.30868,2767187.40697
303818.30868,2767188.40697
303819.30868,2767189.40697
303820.30868,2767190.40697
303821.30868,2767191.40697
303822.30868,2767192.40697
303823.30868,2767193.40697
303824.30868,2767194.40697
303825.30868,2767195.40697
303826.30868,2767196.40697
303827.30868,2767197.40697
303828.30868,2767198.40697
303829.30868,2767199.40697
303830.30868,2767200.40697
303831.30868,2767201.40697
303832.30868,2767202.40697
303833.30868,2767203.40697
303834.30868,2767204.40697
303835.30868,2767205.40697
303836.30868,2767206.40697
303837.30868,2767207.40697
303838.30868,2767208.40697
303839.30868,2767209.40697
303840.30868,2767210.40697
303841.30868,2767211.40697
303842.30868,2767212.40697
303843.30868,2767213.40697
303844.30868,2767214.40697
303845.30868,2767215.40697
303846.30868,2767216.40697
303847.30868,2767217.40697
303848.30868,2767218.40697
303849.30868,2767219.40697
303850.30868,2767220.40697
303851.30868,2767221.40697
303852.30868,2767222.40697
303853.30868,2767223.40697
303854.30868,2767224.40697
303855.30868,2767225.40697
303856.30868,2767226.40697
303857.30868,2767227.40697
303858.30868,2767228.40697
303859.30868,2767229.40697
303860.30868,2767230.40697
303861.30868,2767231.40697
303862.30868,2767232.40697
303863.30868,2767233.40697
303864.30868,2767234.40697
303865.30868,2767235.40697
303866.30868,2767236.40697
303867.30868,2767237.40697
303868.30868,2767238.40697
303869.30868,2767239.40697
303870.30868,2767240.40697
303871.30868,2767241.40697
303872.30868,2767242.40697
303873.30868,2767243.40697
303874.30868,2767244.40697
303875.30868,2767245.40697
303876.30868,2767246.40697
303877.30868,2767247.40697
303878.30868,2767248.40697
303879.30868,2767249.40697
303880.30868,2767250.40697
303881.30868,2767251.40697
303882.30868,2767252.40697
303883.30868,2767253.40697
303884.30868,2767254.40697
303885.30868,2767255.40697
303886.30868,2767256.40697
303887.30868,2767257.40697
303888.30868,2767258.40697
303889.30868,2767259.40697
303890.30868,2767260.40697
303891.30868,2767261.40697
303892.30868,2767262.40697
303893.30868,2767263.40697
303894.30868,2767264.40697
303895.30868,2767265.40697
303896.30868,2767266.40697
303897.30868,2767267.40697
303898.30868,2767268.40697
303899.30868,2767269.40697
303900.30868,2767270.40697
303901.30868,2767271.40697
303902.30868,2767272.40697
303903.30868,2767273.40697
303904.30868,2767274.40697
303905.30868,2767275.40697
303906.30868,2767276.40697
303907.30868,2767277.40697
303908.30868,2767278.40697
303909.30868,2767279.40697
303910.30868,2767280.40697
303911.30868,2767281.40697
303912.30868,2767282.40697
303913.30868,2767283.40697
303914.30868,2767284.40697
303915.30868,2767285.40697
303916.30868,2767286.40697
303917.30868,2767287.40697
303918.30868,2767288.40697
303919.30868,2767289.40697
303920.30868,2767290.40697
303921.30868,2767291.40697
303922.30868,2767292.40697
303923.30868,2767293.40697
303924.30868,2767294.40697
303925.30868,2767295.40697
303926.30868,2767296.40697
303927.30868,2767297.40697
303928.30868,2767298.40697
303929.30868,2767299.40697
303930.30868,2767300.40697
303931.30868,2767301.40697
303932.30868,2767302.40697
303933.30868,2767303.40697
303934.30868,2767304.40697
303935.30868,2767305.40697
303936.30868,2767306.40697
303937.30868,2767307.40697
303938.30868,2767308.40697
303939.30868,2767309.40697
303940.30868,2767310.40697
303941.30868,2767311.40697
303942.30868,2767312.40697
303943.30868,2767313.40697
303944.30868,2767314.40697
303945.30868,2767315.40697
303946.30868,2767316.40697
303947.30868,2767317.40697
303948.30868,2767318.40697
303949.30868,2767319.40697
303950.30868,2767320.40697
303951.30868,2767321.40697
303952.30868,2767322.40697
303953.30868,2767323.40697
303954.30868,2767324.40697
303955.30868,2767325.40697
303956.30868,2767326.40697
303957.30868,2767327.40697
303958.30868,2767328.40697
303959.30868,2767329.40697
303960.30868,2767330.40697
303961.30868,2767331.40697
303962.30868,2767332.40697
303963.30868,2767333.40697
303964.30868,2767334.40697
303965.30868,2767335.40697
303966.30868,2767336.40697
303967.30868,2767337.40697
303968.30868,2767338.40697
303969.30868,2767339.40697
303970.30868,2767340.40697
303971.30868,2767341.40697
303972.30868,2767342.40697
303973.30868,2767343.40697
303974.30868,2767344.40697
303975.30868,2767345.40697
303976.30868,2767346.40697
303977.30868,2767347.40697
303978.30868,2767348.40697
303979.30868,2767349.40697
303980.30868,2767350.40697
303981.30868,2767351.40697
303982.30868,2767352.40697
303983.30868,2767353.40697
303984.30868,2767354.40697
303985.30868,2767355.40697
303986.30868,2767356.40697
303987.30868,2767357.40697
303988.30868,2767358.40697
303989.30868,2767359.40697
303990.30868,2767360.40697
303991.30868,2767361.40697
303992.30868,2767362.40697
303993.30868,2767363.40697
303994.30868,2767364.40697
303995.30868,2767365.40697
303996.30868,2767366.40697
303997.30868,2767367.40697
303998.30868,2767368.40697
303999.30868,2767369.40697
304000.30868,2767370.40697
304001.30868,2767371.40697
304002.30868,2767372.40697
304003.30868,2767373.40697
304004.30868,2767374.40697
304005.30868,2767375.40697
304006.30868,2767376.40697
304007.30868,2767377.40697
304008.30868,2767378.40697
304009.30868,2767379.40697
304010.30868,2767380.40697
304011.30868,2767381.40697
304012.30868,2767382.40697
304013.30868,2767383.40697
304014.30868,2767384.40697
304015.30868,2767385.40697
304016.30868,2767386.40697
304017.30868,2767387.40697
304018.30868,2767388.40697
304019.30868,2767389.40697
304020.30868,2767390.40697
304021.30868,2767391.40697
304022.30868,2767392.40697
304023.30868,2767393.40697
304024.30868,2767394.40697
304025.30868,2767395.40697
304026.30868,2767396.40697
304027.30868,2767397.40697
304028.30868,2767398.40697
304029.30868,2767399.40697
304030.30868,2767400.40697
304031.30868,2767401.40697
304032.30868,2767402.40697
304033.30868,2767403.40697
304034.30868,2767404.40697
304035.30868,2767405.40697
304036.30868,2767406.40697
304037.30868,2767407.40697
304038.30868,2767408.40697
304039.30868,2767409.40697
304040.30868,2767410.40697
304041.30868,2767411.40697
304042.30868,2767412.40697
304043.30868,2767413.40697
304044.30868,2767414.40697
304044.30868,2767415.40697
304044.30868,2767416.40697
304044.30868,2767417.40697
304044.30868,2767418.40697
304044.30868,2767419.40697
304044.30868,2767420.40697
304044.30868,2767421.40697
304044.30868,2767422.40697
304045.30868,2767423.40697
304046.30868,2767424.40697
304047.30868,2767425.40697
304048.30868,2767426.40697
304049.30868,2767427.40697
304050.30868,2767428.40697
304051.30868,2767429.40697
304052.30868,2767430.40697
304053.30868,2767431.40697
304054.30868,2767432.40697
304055.30868,2767433.40697
304056.30868,2767434.40697
304057.30868,2767435.40697
304058.30868,2767436.40697
304059.30868,2767437.40697
304060.30868,2767438.40697
304061.30868,2767439.40697
304062.30868,2767440.40697
304063.30868,2767441.40697
304064.30868,2767442.40697
304065.30868,2767443.40697
304066.30868,2767444.40697
304067.30868,2767445.40697
304068.30868,2767446.40697
304069.30868,2767447.40697
304070.30868,2767448.40697
304071.30868,2767449.40697
304072.30868,2767450.40697
304073.30868,2767451.40697
304074.30868,2767452.40697
304075.30868,2767453.40697
304076.30868,2767454.40697
304077.30868,2767455.40697
304078.30868,2767456.40697
304079.30868,2767457.40697
304080.30868,2767458.40697
304081.30868,2767459.40697
304082.30868,2767460.40697
304083.30868,2767461.40697
304084.30868,2767462.40697
304085.30868,2767463.40697
304086.30868,2767464.40697
304087.30868,2767465.40697
304088.30868,2767466.40697
304089.30868,2767467.40697
304090.30868,2767468.40697
304091.30868,2767469.40697
304092.30868,2767470.40697
304093.30868,2767471.40697
304094.30868,2767472.40697
304095.30868,2767473.40697
304096.30868,2767474.40697
304097.30868,2767475.40697
304098.30868,2767476.40697
304099.30868,2767477.40697
304100.30868,2767478.40697
304101.30868,2767479.40697
304102.30868,2767480.40697
304103.30868,2767481.40697
304104.30868,2767482.40697
304105.30868,2767483.40697
304106.30868,2767484.40697
304107.30868,2767485.40697
304108.30868,2767486.40697
304109.30868,2767487.40697
304110.30868,2767488.40697
304111.30868,2767489.40697
304112.30868,2767490.40697
304113.30868,2767491.40697
304114.30868,2767492.40697
304115.30868,2767493.40697
304116.30868,2767494.40697
304117.30868,2767495.40697
304118.30868,2767496.40697
304119.30868,2767497.40697
304120.30868,2767498.40697
304121.30868,2767499.40697
304122.30868,2767500.40697
304123.30868,2767501.40697
304124.30868,2767502.40697
304125.30868,2767503.40697
304126.30868,2767504.40697
304127.30868,2767504.40697
304128.30868,2767504.40697
304129.30868,2767504.40697
304130.30868,2767504.40697
304131.30868,2767505.40697
304132.30868,2767506.40697
304133.30868,2767507.40697
304134.30868,2767508.40697
304135.30868,2767509.40697
304136.30868,2767510.40697
304137.30868,2767511.40697
304138.30868,2767512.40697
304139.30868,2767513.40697
304140.30868,2767514.40697
304141.30868,2767515.40697
304142.30868,2767516.40697
304143.30868,2767517.40697
304144.30868,2767518.40697
304145.30868,2767519.40697
304146.30868,2767520.40697
304147.30868,2767521.40697
304148.30868,2767522.40697
304149.30868,2767523.40697
304150.30868,2767524.40697
304151.30868,2767525.40697
304152.30868,2767526.40697
304153.30868,2767527.40697
304154.30868,2767528.40697
304155.30868,2767529.40697
304156.30868,2767530.40697
304157.30868,2767531.40697
304158.30868,2767532.40697
304159.30868,2767533.40697
304160.30868,2767534.40697
304161.30868,2767535.40697
304162.30868,2767536.40697
304163.30868,2767537.40697
304164.30868,2767538.40697
304165.30868,2767539.40697
304166.30868,2767540.40697
304167.30868,2767541.40697
304168.30868,2767542.40697
304169.30868,2767543.40697
304170.30868,2767544.40697
304171.30868,2767545.40697
304172.30868,2767546.40697
304173.30868,2767547.40697
304174.30868,2767548.40697
304175.30868,2767549.40697
304176.30868,2767550.40697
304177.30868,2767551.40697
304178.30868,2767552.40697
304179.30868,2767553.40697
304180.30868,2767554.40697
304181.30868,2767555.40697
304182.30868,2767556.40697
304183.30868,2767557.40697
304184.30868,2767558.40697
304185.30868,2767559.40697
304186.30868,2767560.40697
304187.30868,2767561.40697
304188.30868,2767562.40697
304189.30868,2767563.40697
304190.30868,2767564.40697
304191.30868,2767565.40697
304192.30868,2767566.40697
304193.30868,2767567.40697
304194.30868,2767568.40697
304195.30868,2767569.40697
304196.30868,2767570.40697
304196.30868,2767571.40697
304196.30868,2767572.40697
304196.30868,2767573.40697
304196.30868,2767574.40697
304196.30868,2767575.40697
304197.30868,2767576.40697
304197.30868,2767577.40697
304198.30868,2767578.40697
304199.30868,2767579.40697
304200.30868,2767580.40697
304201.30868,2767581.40697
304202.30868,2767582.40697
304203.30868,2767583.40697
304204.30868,2767584.40697
304205.30868,2767585.40697
304206.30868,2767586.40697
304207.30868,2767587.40697
304208.30868,2767588.40697
304209.30868,2767589.40697
304210.30868,2767590.40697
304211.30868,2767591.40697
304212.30868,2767592.40697
304213.30868,2767593.40697
304214.30868,2767594.40697
304215.30868,2767595.40697
304216.30868,2767596.40697
304217.30868,2767597.40697
304218.30868,2767598.40697
304219.30868,2767599.40697
304220.30868,2767600.40697
304221.30868,2767601.40697
304222.30868,2767602.40697
304223.30868,2767603.40697
304224.30868,2767604.40697
304225.30868,2767605.40697
304226.30868,2767606.40697
304227.30868,2767607.40697
304228.30868,2767608.40697
304229.30868,2767609.40697
304230.30868,2767610.40697
304231.30868,2767611.40697
304232.30868,2767612.40697
304233.30868,2767613.40697
304234.30868,2767614.40697
304235.30868,2767615.40697
304236.30868,2767616.40697
304237.30868,2767617.40697
304238.30868,2767618.40697
304239.30868,2767619.40697
304240.30868,2767620.40697
304241.30868,2767621.40697
304242.30868,2767622.40697
304243.30868,2767623.40697
304244.30868,2767624.40697
304245.30868,2767625.40697
304246.30868,2767626.40697
304247.30868,2767627.40697
304248.30868,2767628.40697
304249.30868,2767629.40697
304250.30868,2767630.40697
304251.30868,2767631.40697
304252.30868,2767632.40697
304253.30868,2767633.40697
304254.30868,2767634.40697
304255.30868,2767635.40697
304256.30868,2767636.40697
304257.30868,2767637.40697
304258.30868,2767638.40697
304259.30868,2767639.40697
304260.30868,2767640.40697
304261.30868,2767641.40697
304262.30868,2767642.40697
304263.30868,2767643.40697
304264.30868,2767644.40697
304265.30868,2767645.40697
304266.30868,2767646.40697
304267.30868,2767647.40697
304268.30868,2767648.40697
304269.30868,2767649.40697
304270.30868,2767650.40697
304271.30868,2767651.40697
304272.30868,2767652.40697
304273.30868,2767653.40697
304274.30868,2767654.40697
304275.30868,2767655.40697
304276.30868,2767656.40697
304277.30868,2767657.40697
304278.30868,2767658.40697
304279.30868,2767659.40697
304280.30868,2767660.40697
304281.30868,2767661.40697
304282.30868,2767662.40697
304283.30868,2767663.40697
304284.30868,2767664.40697
304285.30868,2767665.40697
304286.30868,2767666.40697
304287.30868,2767667.40697
304288.30868,2767668.40697
304289.30868,2767669.40697
304290.30868,2767670.40697
304291.30868,2767671.40697
304292.30868,2767672.40697
304293.30868,2767673.40697
304294.30868,2767674.40697
304295.30868,2767675.40697
304296.30868,2767676.40697
304297.30868,2767677.40697
304298.30868,2767678.40697
304299.30868,2767679.40697
304300.30868,2767680.40697
304301.30868,2767681.40697
304302.30868,2767682.40697
304303.30868,2767683.40697
304304.30868,2767684.40697
304305.30868,2767685.40697
304306.30868,2767686.40697
304307.30868,2767687.40697
304308.30868,2767688.40697
304309.30868,2767689.40697
304310.30868,2767690.40697
304311.30868,2767691.40697
304312.30868,2767692.40697
304313.30868,2767693.40697
304314.30868,2767694.40697
304315.30868,2767695.40697
304316.30868,2767696.40697
304317.30868,2767697.40697
304318.30868,2767698.40697
304319.30868,2767699.40697
304320.30868,2767700.40697
304321.30868,2767701.40697
304322.30868,2767702.40697
304323.30868,2767703.40697
304324.30868,2767704.40697
304325.30868,2767705.40697
304326.30868,2767706.40697
304327.30868,2767707.40697
304328.30868,2767708.40697
304329.30868,2767709.40697
304330.30868,2767710.40697
304331.30868,2767711.40697
304332.30868,2767712.40697
304333.30868,2767713.40697
304334.30868,2767714.40697
304335.30868,2767715.40697
304336.30868,2767716.40697
304337.30868,2767717.40697
304338.30868,2767718.40697
304339.30868,2767719.40697
304340.30868,2767720.40697
304341.30868,2767721.40697
304342.30868,2767722.40697
304343.30868,2767723.40697
304344.30868,2767724.40697
304345.30868,2767725.40697
304346.30868,2767726.40697
304347.30868,2767727.40697
304348.30868,2767728.40697
304349.30868,2767729.40697
304350.30868,2767730.40697
304351.30868,2767731.40697
304352.30868,2767732.40697
304353.30868,2767733.40697
304354.30868,2767734.40697
304355.30868,2767735.40697
304356.30868,2767736.40697
304357.30868,2767737.40697
304358.30868,2767738.40697
304359.30868,2767739.40697
304360.30868,2767740.40697
304361.30868,2767741.40697
304362.30868,2767742.40697
304363.30868,2767743.40697
304364.30868,2767744.40697
304365.30868,2767745.40697
304366.30868,2767746.40697
304367.30868,2767747.40697
304368.30868,2767748.40697
304369.30868,2767749.40697
304370.30868,2767750.40697
304371.30868,2767751.40697
304372.30868,2767752.40697
304373.30868,2767753.40697
304374.30868,2767754.40697
304375.30868,2767755.40697
304376.30868,2767756.40697
304377.30868,2767757.40697
304378.30868,2767758.40697
304379.30868,2767759.40697
304380.30868,2767760.40697
304381.30868,2767761.40697
304382.30868,2767762.40697
304383.30868,2767763.40697
304384.30868,2767764.40697
304385.30868,2767765.40697
304386.30868,2767766.40697
304387.30868,2767767.40697
304388.30868,2767768.40697
304389.30868,2767769.40697
304390.30868,2767770.40697
304391.30868,2767771.40697
304392.30868,2767772.40697
304393.30868,2767773.40697
304394.30868,2767774.40697
304394.30868,2767775.40697
304394.30868,2767776.40697
304394.30868,2767777.40697
304394.30868,2767778.40697
304394.30868,2767779.40697
304394.30868,2767780.40697
304394.30868,2767781.40697
304394.30868,2767782.40697
304394.30868,2767783.40697
304394.30868,2767784.40697
304394.30868,2767785.40697
304394.30868,2767786.40697
304394.30868,2767787.40697
304394.30868,2767788.40697
304394.30868,2767789.40697
304394.30868,2767790.40697
304394.30868,2767791.40697
304394.30868,2767792.40697
304394.30868,2767793.40697
304394.30868,2767794.40697
304394.30868,2767795.40697
304394.30868,2767796.40697
304394.30868,2767797.40697
304394.30868,2767798.40697
304394.30868,2767799.40697
304394.30868,2767800.40697
304394.30868,2767801.40697
304394.30868,2767802.40697
304394.30868,2767803.40697
304394.30868,2767804.40697
304394.30868,2767805.40697
304394.30868,2767806.40697
304394.30868,2767807.40697
304394.30868,2767808.40697
304394.30868,2767809.40697
304394.30868,2767810.40697
304394.30868,2767811.40697
304394.30868,2767812.40697
304394.30868,2767813.40697
304394.30868,2767814.40697
304394.30868,2767815.40697
304394.30868,2767816.40697
304394.30868,2767817.40697
304394.30868,2767818.40697
304394.30868,2767819.40697
304394.30868,2767820.40697
304394.30868,2767821.40697
304394.30868,2767822.40697
304394.30868,2767823.40697
304394.30868,2767824.40697
304394.30868,2767825.40697
304394.30868,2767826.40697
304394.30868,2767827.40697
304394.30868,2767828.40697
304394.30868,2767829.40697
304394.30868,2767830.40697
304394.30868,2767831.40697
304394.30868,2767832.40697
304394.30868,2767833.40697
304394.30868,2767834.40697
304394.30868,2767835.40697
304394.30868,2767836.40697
304394.30868,2767837.40697
304394.30868,2767838.40697
304394.30868,2767839.40697
304394.30868,2767840.40697
304394.30868,2767841.40697
304394.30868,2767842.40697
304394.30868,2767843.40697
304394.30868,2767844.40697
304394.30868,2767845.40697
304394.30868,2767846.40697
304394.30868,2767847.40697
304394.30868,2767848.40697
304394.30868,2767849.40697
304394.30868,2767850.40697
304394.30868,2767851.40697
304394.30868,2767852.40697
304394.30868,2767853.40697
304394.30868,2767854.40697
304394.30868,2767855.40697
304394.30868,2767856.40697
304394.30868,2767857.40697
304394.30868,2767858.40697
304394.30868,2767859.40697
304394.30868,2767860.40697
304394.30868,2767861.40697
304394.30868,2767862.40697
304394.30868,2767863.40697
304394.30868,2767864.40697
304394.30868,2767865.40697
304394.30868,2767866.40697
304394.30868,2767867.40697
304394.30868,2767868.40697
304394.30868,2767869.40697
304394.30868,2767870.40697
304394.30868,2767871.40697
304394.30868,2767872.40697
304394.30868,2767873.40697
304394.30868,2767874.40697
304394.30868,2767875.40697
304394.30868,2767876.40697
304394.30868,2767877.40697
304394.30868,2767878.40697
304394.30868,2767879.40697
304394.30868,2767880.40697
304394.30868,2767881.40697
304394.30868,2767882.40697
304394.30868,2767883.40697
304394.30868,2767884.40697
304394.30868,2767885.40697
304394.30868,2767886.40697
304394.30868,2767887.40697
304394.30868,2767888.40697
304394.30868,2767889.40697
304394.30868,2767890.40697
304394.30868,2767891.40697
304394.30868,2767892.40697
304394.30868,2767893.40697
304394.30868,2767894.40697
304394.30868,2767895.40697
304394.30868,2767896.40697
304394.30868,2767897.40697
304394.30868,2767898.40697
304394.30868,2767899.40697
304394.30868,2767900.40697
304394.30868,2767901.40697
304394.30868,2767902.40697
304394.30868,2767903.40697
304394.30868,2767904.40697
304394.30868,2767905.40697
304394.30868,2767906.40697
304394.30868,2767907.40697
304394.30868,2767908.40697
304394.30868,2767909.40697
304394.30868,2767910.40697
304394.30868,2767911.40697
304394.30868,2767912.40697
304394.30868,2767913.40697
304394.30868,2767914.40697
304394.30868,2767915.40697
304394.30868,2767916.40697
304394.30868,2767917.40697
304394.30868,2767918.40697
304394.30868,2767919.40697
304394.30868,2767920.40697
304394.30868,2767921.40697
304394.30868,2767922.40697
304394.30868,2767923.40697
304394.30868,2767924.40697
304394.30868,2767925.40697
304394.30868,2767926.40697
304394.30868,2767927.40697
304394.30868,2767928.40697
304394.30868,2767929.40697
304394.30868,2767930.40697
304394.30868,2767931.40697
304394.30868,2767932.40697
304394.30868,2767933.40697
304394.30868,2767934.40697
304394.30868,2767935.40697
304394.30868,2767936.40697
304394.30868,2767937.40697
304394.30868,2767938.40697
304394.30868,2767939.40697
304394.30868,2767940.40697
304394.30868,2767941.40697
304394.30868,2767942.40697
304394.30868,2767943.40697
304394.30868,2767944.40697
304394.30868,2767945.40697
304366.30868,2767962.40697
304394.30868,2767945.40697
304367.30868,2767926.40697
304361.30868,2767959.40697
304393.30868,2767951.40697
304372.30868,2767925.40697
304357.30868,2767955.40697
304391.30868,2767956.40697
304378.30868,2767925.40697
304355.30868,2767950.40697
304387.30868,2767960.40697
304383.30868,2767927.40697
304355.30868,2767944.40697
304382.30868,2767963.40697
304388.30868,2767930.40697
304355.30868,2767938.40697
304377.30868,2767964.40697
304392.30868,2767934.40697
304358.30868,2767933.40697
304371.30868,2767964.40697
304394.30868,2767939.40697
304362.30868,2767929.40697
304366.30868,2767963.40697
304394.30868,2767945.40697
304367.30868,2767926.40697
304361.30868,2767959.40697
304394.30868,2767950.40697
304372.30868,2767925.40697
304358.30868,2767955.40697
304391.30868,2767956.40697
304378.30868,2767925.40697
304355.30868,2767950.40697
304387.30868,2767960.40697
304383.30868,2767926.40697
304355.30868,2767944.40697
304383.30868,2767963.40697
304388.30868,2767929.40697
304355.30868,2767939.40697
304377.30868,2767964.40697
304391.30868,2767934.40697
304358.30868,2767934.40697
304372.30868,2767964.40697
304394.30868,2767939.40697
304361.30868,2767929.40697
304366.30868,2767963.40697
304395.30868,2767945.40697
304366.30868,2767926.40697
304361.30868,2767960.40697
304394.30868,2767950.40697
304372.30868,2767925.40697
304358.30868,2767955.40697
304391.30868,2767955.40697
304377.30868,2767925.40697
304355.30868,2767950.40697
304388.30868,2767960.40697
304383.30868,2767926.40697
304355.30868,2767945.40697
304383.30868,2767963.40697
304387.30868,2767929.40697
304355.30868,2767939.40697
304378.30868,2767964.40697
304391.30868,2767933.40697
304358.30868,2767934.40697
304372.30868,2767964.40697
304394.30868,2767939.40697
304361.30868,2767930.40697
304367.30868,2767963.40697
304394.30868,2767944.40697
304366.30868,2767926.40697
304362.30868,2767960.40697
304394.30868,2767950.40697
304371.30868,2767925.40697
304358.30868,2767956.40697
304392.30868,2767955.40697
304377.30868,2767925.40697
304355.30868,2767951.40697
304388.30868,2767959.40697
304382.30868,2767926.40697
304355.30868,2767945.40697
304383.30868,2767962.40697
304387.30868,2767929.40697
304355.30868,2767939.40697
304378.30868,2767964.40697
304391.30868,2767933.40697
304357.30868,2767934.40697
304372.30868,2767964.40697
304393.30868,2767938.40697
304361.30868,2767930.40697
304367.30868,2767963.40697
304394.30868,2767944.40697
304366.30868,2767927.40697
304362.30868,2767960.40697
304394.30868,2767949.40697
304371.30868,2767925.40697
304358.30868,2767956.40697
304392.30868,2767955.40697
304377.30868,2767925.40697
304356.30868,2767951.40697
304388.30868,2767959.40697
304382.30868,2767926.40697
304355.30868,2767945.40697
304384.30868,2767962.40697
304387.30868,2767929.40697
304355.30868,2767940.40697
304378.30868,2767964.40697
304391.30868,2767933.40697
304357.30868,2767935.40697
304373.30868,2767964.40697
304393.30868,2767938.40697
304361.30868,2767930.40697
304367.30868,2767963.40697
304394.30868,2767943.40697
304365.30868,2767927.40697
304362.30868,2767960.40697
304394.30868,2767949.40697
304371.30868,2767925.40697
304358.30868,2767956.40697
304392.30868,2767954.40697
304376.30868,2767925.40697
304356.30868,2767951.40697
304388.30868,2767959.40697
304382.30868,2767926.40697
304355.30868,2767946.40697
304384.30868,2767962.40697
304387.30868,2767929.40697
304355.30868,2767940.40697
304379.30868,2767964.40697
304391.30868,2767933.40697
304357.30868,2767935.40697
304373.30868,2767964.40697
304393.30868,2767938.40697
304360.30868,2767930.40697
304367.30868,2767963.40697
304394.30868,2767943.40697
304365.30868,2767927.40697
304363.30868,2767961.40697
304394.30868,2767949.40697
304370.30868,2767925.40697
304359.30868,2767957.40697
304392.30868,2767954.40697
304376.30868,2767925.40697
304356.30868,2767952.40697
304389.30868,2767959.40697
304381.30868,2767926.40697
304355.30868,2767946.40697
304384.30868,2767962.40697
304386.30868,2767928.40697
304355.30868,2767940.40697
304379.30868,2767964.40697
304390.30868,2767932.40697
304357.30868,2767935.40697
304373.30868,2767964.40697
304393.30868,2767937.40697
304360.30868,2767931.40697
304368.30868,2767963.40697
304394.30868,2767943.40697
304365.30868,2767927.40697
304363.30868,2767961.40697
304394.30868,2767948.40697
304370.30868,2767925.40697
304359.30868,2767957.40697
304392.30868,2767954.40697
304375.30868,2767925.40697
304356.30868,2767952.40697
304389.30868,2767958.40697
304381.30868,2767926.40697
304355.30868,2767946.40697
304385.30868,2767962.40697
304386.30868,2767928.40697
304355.30868,2767941.40697
304379.30868,2767964.40697
304390.30868,2767932.40697
304357.30868,2767935.40697
304374.30868,2767964.40697
304393.30868,2767937.40697
304360.30868,2767931.40697
304368.30868,2767963.40697
304394.30868,2767942.40697
304364.30868,2767927.40697
304363.30868,2767961.40697
304394.30868,2767945.40697
304394.30868,2767944.40697
304394.30868,2767943.40697
304394.30868,2767942.40697
304394.30868,2767941.40697
304394.30868,2767940.40697
304394.30868,2767939.40697
304394.30868,2767938.40697
304394.30868,2767937.40697
304394.30868,2767936.40697
304394.30868,2767935.40697
304394.30868,2767934.40697
304394.30868,2767933.40697
304394.30868,2767932.40697
304394.30868,2767931.40697
304394.30868,2767930.40697
304394.30868,2767929.40697
304394.30868,2767928.40697
304394.30868,2767927.40697
304394.30868,2767926.40697
304394.30868,2767925.40697
304394.30868,2767924.40697
304394.30868,2767923.40697
304394.30868,2767922.40697
304394.30868,2767921.40697
304394.30868,2767920.40697
304394.30868,2767919.40697
304394.30868,2767918.40697
304394.30868,2767917.40697
304394.30868,2767916.40697
304394.30868,2767915.40697
304394.30868,2767914.40697
304394.30868,2767913.40697
304394.30868,2767912.40697
304394.30868,2767911.40697
304394.30868,2767910.40697
304394.30868,2767909.40697
304394.30868,2767908.40697
304394.30868,2767907.40697
304394.30868,2767906.40697
304394.30868,2767905.40697
304394.30868,2767904.40697
304394.30868,2767903.40697
304394.30868,2767902.40697
304394.30868,2767901.40697
304394.30868,2767900.40697
304394.30868,2767899.40697
304394.30868,2767898.40697
304394.30868,2767897.40697
304394.30868,2767896.40697
304394.30868,2767895.40697
304394.30868,2767894.40697
304394.30868,2767893.40697
304394.30868,2767892.40697
304394.30868,2767891.40697
304394.30868,2767890.40697
304394.30868,2767889.40697
304394.30868,2767888.40697
304394.30868,2767887.40697
304394.30868,2767886.40697
304394.30868,2767885.40697
304394.30868,2767884.40697
304394.30868,2767883.40697
304394.30868,2767882.40697
304394.30868,2767881.40697
304394.30868,2767880.40697
304394.30868,2767879.40697
304394.30868,2767878.40697
304394.30868,2767877.40697
304394.30868,2767876.40697
304394.30868,2767875.40697
304394.30868,2767874.40697
304394.30868,2767873.40697
304394.30868,2767872.40697
304394.30868,2767871.40697
304394.30868,2767870.40697
304394.30868,2767869.40697
304394.30868,2767868.40697
304394.30868,2767867.40697
304394.30868,2767866.40697
304394.30868,2767865.40697
304394.30868,2767864.40697
304394.30868,2767863.40697
304394.30868,2767862.40697
304394.30868,2767861.40697
304394.30868,2767860.40697
304394.30868,2767859.40697
304394.30868,2767858.40697
304394.30868,2767857.40697
304394.30868,2767856.40697
304394.30868,2767855.40697
304394.30868,2767854.40697
304394.30868,2767853.40697
304394.30868,2767852.40697
304394.30868,2767851.40697
304394.30868,2767850.40697
304394.30868,2767849.40697
304394.30868,2767848.40697
304394.30868,2767847.40697
304394.30868,2767846.40697
304394.30868,2767845.40697
304394.30868,2767844.40697
304394.30868,2767843.40697
304394.30868,2767842.40697
304394.30868,2767841.40697
304394.30868,2767840.40697
304394.30868,2767839.40697
304394.30868,2767838.40697
304394.30868,2767837.40697
304394.30868,2767836.40697
304394.30868,2767835.40697
304394.30868,2767834.40697
304394.30868,2767833.40697
304394.30868,2767832.40697
304394.30868,2767831.40697
304394.30868,2767830.40697
304394.30868,2767829.40697
304394.30868,2767828.40697
304394.30868,2767827.40697
304394.30868,2767826.40697
304394.30868,2767825.40697
304394.30868,2767824.40697
304394.30868,2767823.40697
304394.30868,2767822.40697
304394.30868,2767821.40697
304394.30868,2767820.40697
304394.30868,2767819.40697
304394.30868,2767818.40697
304394.30868,2767817.40697
304394.30868,2767816.40697
304394.30868,2767815.40697
304394.30868,2767814.40697
304394.30868,2767813.40697
304394.30868,2767812.40697
304394.30868,2767811.40697
304394.30868,2767810.40697
304394.30868,2767809.40697
304394.30868,2767808.40697
304394.30868,2767807.40697
304394.30868,2767806.40697
304394.30868,2767805.40697
304394.30868,2767804.40697
304394.30868,2767803.40697
304394.30868,2767802.40697
304394.30868,2767801.40697
304394.30868,2767800.40697
304394.30868,2767799.40697
304394.30868,2767798.40697
304394.30868,2767797.40697
304394.30868,2767796.40697
304394.30868,2767795.40697
304394.30868,2767794.40697
304394.30868,2767793.40697
304394.30868,2767792.40697
304394.30868,2767791.40697
304394.30868,2767790.40697
304394.30868,2767789.40697
304394.30868,2767788.40697
304394.30868,2767787.40697
304394.30868,2767786.40697
304394.30868,2767785.40697
304394.30868,2767784.40697
304394.30868,2767783.40697
304394.30868,2767782.40697
304394.30868,2767781.40697
304394.30868,2767780.40697
304394.30868,2767779.40697
304394.30868,2767778.40697
304394.30868,2767777.40697
304394.30868,2767776.40697
304394.30868,2767775.40697
304394.30868,2767774.40697
304393.30868,2767773.40697
304392.30868,2767772.40697
304391.30868,2767771.40697
304390.30868,2767770.40697
304389.30868,2767769.40697
304388.30868,2767768.40697
304387.30868,2767767.40697
304386.30868,2767766.40697
304385.30868,2767765.40697
304384.30868,2767764.40697
304383.30868,2767763.40697
304382.30868,2767762.40697
304381.30868,2767761.40697
304380.30868,2767760.40697
304379.30868,2767759.40697
304378.30868,2767758.40697
304377.30868,2767757.40697
304376.30868,2767756.40697
304375.30868,2767755.40697
304374.30868,2767754.40697
304373.30868,2767753.40697
304372.30868,2767752.40697
304371.30868,2767751.40697
304370.30868,2767750.40697
304369.30868,2767749.40697
304368.30868,2767748.40697
304367.30868,2767747.40697
304366.30868,2767746.40697
304365.30868,2767745.40697
304364.30868,2767744.40697
304363.30868,2767743.40697
304362.30868,2767742.40697
304361.30868,2767741.40697
304360.30868,2767740.40697
304359.30868,2767739.40697
304358.30868,2767738.40697
304357.30868,2767737.40697
304356.30868,2767736.40697
304355.30868,2767735.40697
304354.30868,2767734.40697
304353.30868,2767733.40697
304352.30868,2767732.40697
304351.30868,2767731.40697
304350.30868,2767730.40697
304349.30868,2767729.40697
304348.30868,2767728.40697
304347.30868,2767727.40697
304346.30868,2767726.40697
304345.30868,2767725.40697
304344.30868,2767724.40697
304343.30868,2767723.40697
304342.30868,2767722.40697
304341.30868,2767721.40697
304340.30868,2767720.40697
304339.30868,2767719.40697
304338.30868,2767718.40697
304337.30868,2767717.40697
304336.30868,2767716.40697
304335.30868,2767715.40697
304334.30868,2767714.40697
304333.30868,2767713.40697
304332.30868,2767712.40697
304331.30868,2767711.40697
304330.30868,2767710.40697
304329.30868,2767709.40697
304328.30868,2767708.40697
304327.30868,2767707.40697
304326.30868,2767706.40697
304325.30868,2767705.40697
304324.30868,2767704.40697
304323.30868,2767703.40697
304322.30868,2767702.40697
304321.30868,2767701.40697
304320.30868,2767700.40697
304319.30868,2767699.40697
304318.30868,2767698.40697
304317.30868,2767697.40697
304316.30868,2767696.40697
304315.30868,2767695.40697
304314.30868,2767694.40697
304313.30868,2767693.40697
304312.30868,2767692.40697
304311.30868,2767691.40697
304310.30868,2767690.40697
304309.30868,2767689.40697
304308.30868,2767688.40697
304307.30868,2767687.40697
304306.30868,2767686.40697
304305.30868,2767685.40697
304304.30868,2767684.40697
304303.30868,2767683.40697
304302.30868,2767682.40697
304301.30868,2767681.40697
304300.30868,2767680.40697
304299.30868,2767679.40697
304298.30868,2767678.40697
304297.30868,2767677.40697
304296.30868,2767676.40697
304295.30868,2767675.40697
304294.30868,2767674.40697
304293.30868,2767673.40697
304292.30868,2767672.40697
304291.30868,2767671.40697
304290.30868,2767670.40697
304289.30868,2767669.40697
304288.30868,2767668.40697
304287.30868,2767667.40697
304286.30868,2767666.40697
304285.30868,2767665.40697
304284.30868,2767664.40697
304283.30868,2767663.40697
304282.30868,2767662.40697
304281.30868,2767661.40697
304280.30868,2767660.40697
304279.30868,2767659.40697
304278.30868,2767658.40697
304277.30868,2767657.40697
304276.30868,2767656.40697
304275.30868,2767655.40697
304274.30868,2767654.40697
304273.30868,2767653.40697
304272.30868,2767652.40697
304271.30868,2767651.40697
304270.30868,2767650.40697
304269.30868,2767649.40697
304268.30868,2767648.40697
304267.30868,2767647.40697
304266.30868,2767646.40697
304265.30868,2767645.40697
304264.30868,2767644.40697
304263.30868,2767643.40697
304262.30868,2767642.40697
304261.30868,2767641.40697
304260.30868,2767640.40697
304259.30868,2767639.40697
304258.30868,2767638.40697
304257.30868,2767637.40697
304256.30868,2767636.40697
304255.30868,2767635.40697
304254.30868,2767634.40697
304253.30868,2767633.40697
304252.30868,2767632.40697
304251.30868,2767631.40697
304250.30868,2767630.40697
304249.30868,2767629.40697
304248.30868,2767628.40697
304247.30868,2767627.40697
304246.30868,2767626.40697
304245.30868,2767625.40697
304244.30868,2767624.40697
304243.30868,2767623.40697
304242.30868,2767622.40697
304241.30868,2767621.40697
304240.30868,2767620.40697
304239.30868,2767619.40697
304238.30868,2767618.40697
304237.30868,2767617.40697
304236.30868,2767616.40697
304235.30868,2767615.40697
304234.30868,2767614.40697
304233.30868,2767613.40697
304232.30868,2767612.40697
304231.30868,2767611.40697
304230.30868,2767610.40697
304229.30868,2767609.40697
304228.30868,2767608.40697
304227.30868,2767607.40697
304226.30868,2767606.40697
304225.30868,2767605.40697
304224.30868,2767604.40697
304223.30868,2767603.40697
304222.30868,2767602.40697
304221.30868,2767601.40697
304220.30868,2767600.40697
304219.30868,2767599.40697
304218.30868,2767598.40697
304217.30868,2767597.40697
304216.30868,2767596.40697
304215.30868,2767595.40697
304214.30868,2767594.40697
304213.30868,2767593.40697
304212.30868,2767592.40697
304211.30868,2767591.40697
304210.30868,2767590.40697
304209.30868,2767589.40697
304208.30868,2767588.40697
304207.30868,2767587.40697
304206.30868,2767586.40697
304205.30868,2767585.40697
304204.30868,2767584.40697
304203.30868,2767583.40697
304202.30868,2767582.40697
304201.30868,2767581.40697
304200.30868,2767580.40697
304199.30868,2767579.40697
304198.30868,2767578.40697
304197.30868,2767577.40697
304197.30868,2767576.40697
304196.30868,2767575.40697
304196.30868,2767574.40697
304196.30868,2767573.40697
304196.30868,2767572.40697
304196.30868,2767571.40697
304196.30868,2767570.40697
304195.30868,2767569.40697
304194.30868,2767568.40697
304193.30868,2767567.40697
304192.30868,2767566.40697
304191.30868,2767565.40697
304190.30868,2767564.40697
304189.30868,2767563.40697
304188.30868,2767562.40697
304187.30868,2767561.40697
304186.30868,2767560.40697
304185.30868,2767559.40697
304184.30868,2767558.40697
304183.30868,2767557.40697
304182.30868,2767556.40697
304181.30868,2767555.40697
304180.30868,2767554.40697
304179.30868,2767553.40697
304178.30868,2767552.40697
304177.30868,2767551.40697
304176.30868,2767550.40697
304175.30868,2767549.40697
304174.30868,2767548.40697
304173.30868,2767547.40697
304172.30868,2767546.40697
304171.30868,2767545.40697
304170.30868,2767544.40697
304169.30868,2767543.40697
304168.30868,2767542.40697
304167.30868,2767541.40697
304166.30868,2767540.40697
304165.30868,2767539.40697
304164.30868,2767538.40697
304163.30868,2767537.40697
304162.30868,2767536.40697
304161.30868,2767535.40697
304160.30868,2767534.40697
304159.30868,2767533.40697
304158.30868,2767532.40697
304157.30868,2767531.40697
304156.30868,2767530.40697
304155.30868,2767529.40697
304154.30868,2767528.40697
304153.30868,2767527.40697
304152.30868,2767526.40697
304151.30868,2767525.40697
304150.30868,2767524.40697
304149.30868,2767523.40697
304148.30868,2767522.40697
304147.30868,2767521.40697
304146.30868,2767520.40697
304145.30868,2767519.40697
304144.30868,2767518.40697
304143.30868,2767517.40697
304142.30868,2767516.40697
304141.30868,2767515.40697
304140.30868,2767514.40697
304139.30868,2767513.40697
304138.30868,2767512.40697
304137.30868,2767511.40697
304136.30868,2767510.40697
304135.30868,2767509.40697
304134.30868,2767508.40697
304133.30868,2767507.40697
304132.30868,2767506.40697
304131.30868,2767505.40697
304130.30868,2767504.40697
304129.30868,2767504.40697
304128.30868,2767504.40697
304127.30868,2767504.40697
304126.30868,2767504.40697
304125.30868,2767503.40697
304124.30868,2767502.40697
304123.30868,2767501.40697
304122.30868,2767500.40697
304121.30868,2767499.40697
304120.30868,2767498.40697
304119.30868,2767497.40697
304118.30868,2767496.40697
304117.30868,2767495.40697
304116.30868,2767494.40697
304115.30868,2767493.40697
304114.30868,2767492.40697
304113.30868,2767491.40697
304112.30868,2767490.40697
304111.30868,2767489.40697
304110.30868,2767488.40697
304109.30868,2767487.40697
304108.30868,2767486.40697
304107.30868,2767485.40697
304106.30868,2767484.40697
304105.30868,2767483.40697
304104.30868,2767482.40697
304103.30868,2767481.40697
304102.30868,2767480.40697
304101.30868,2767479.40697
304100.30868,2767478.40697
304099.30868,2767477.40697
304098.30868,2767476.40697
304097.30868,2767475.40697
304096.30868,2767474.40697
304095.30868,2767473.40697
304094.30868,2767472.40697
304093.30868,2767471.40697
304092.30868,2767470.40697
304091.30868,2767469.40697
304090.30868,2767468.40697
304089.30868,2767467.40697
304088.30868,2767466.40697
304087.30868,2767465.40697
304086.30868,2767464.40697
304085.30868,2767463.40697
304084.30868,2767462.40697
304083.30868,2767461.40697
304082.30868,2767460.40697
304081.30868,2767459.40697
304080.30868,2767458.40697
304079.30868,2767457.40697
304078.30868,2767456.40697
304077.30868,2767455.40697
304076.30868,2767454.40697
304075.30868,2767453.40697
304074.30868,2767452.40697
304073.30868,2767451.40697
304072.30868,2767450.40697
304071.30868,2767449.40697
304070.30868,2767448.40697
304069.30868,2767447.40697
304068.30868,2767446.40697
304067.30868,2767445.40697
304066.30868,2767444.40697
304065.30868,2767443.40697
304064.30868,2767442.40697
304063.30868,2767441.40697
304062.30868,2767440.40697
304061.30868,2767439.40697
304060.30868,2767438.40697
304059.30868,2767437.40697
304058.30868,2767436.40697
304057.30868,2767435.40697
304056.30868,2767434.40697
304055.30868,2767433.40697
304054.30868,2767432.40697
304053.30868,2767431.40697
304052.30868,2767430.40697
304051.30868,2767429.40697
304050.30868,2767428.40697
304049.30868,2767427.40697
304048.30868,2767426.40697
304047.30868,2767425.40697
304046.30868,2767424.40697
304045.30868,2767423.40697
304044.30868,2767422.40697
304044.30868,2767421.40697
304044.30868,2767420.40697
304044.30868,2767419.40697
304044.30868,2767418.40697
304044.30868,2767417.40697
304044.30868,2767416.40697
304044.30868,2767415.40697
304044.30868,2767414.40697
304043.30868,2767413.40697
304042.30868,2767412.40697
304041.30868,2767411.40697
304040.30868,2767410.40697
304039.30868,2767409.40697
304038.30868,2767408.40697
304037.30868,2767407.40697
304036.30868,2767406.40697
304035.30868,2767405.40697
304034.30868,2767404.40697
304033.30868,2767403.40697
304032.30868,2767402.40697
304031.30868,2767401.40697
304030.30868,2767400.40697
304029.30868,2767399.40697
304028.30868,2767398.40697
304027.30868,2767397.40697
304026.30868,2767396.40697
304025.30868,2767395.40697
304024.30868,2767394.40697
304023.30868,2767393.40697
304022.30868,2767392.40697
304021.30868,2767391.40697
304020.30868,2767390.40697
304019.30868,2767389.40697
304018.30868,2767388.40697
304017.30868,2767387.40697
304016.30868,2767386.40697
304015.30868,2767385.40697
304014.30868,2767384.40697
304013.30868,2767383.40697
304012.30868,2767382.40697
304011.30868,2767381.40697
304010.30868,2767380.40697
304009.30868,2767379.40697
304008.30868,2767378.40697
304007.30868,2767377.40697
304006.30868,2767376.40697
304005.30868,2767375.40697
304004.30868,2767374.40697
304003.30868,2767373.40697
304002.30868,2767372.40697
304001.30868,2767371.40697
304000.30868,2767370.40697
303999.30868,2767369.40697
303998.30868,2767368.40697
303997.30868,2767367.40697
303996.30868,2767366.40697
303995.30868,2767365.40697
303994.30868,2767364.40697
303993.30868,2767363.40697
303992.30868,2767362.40697
303991.30868,2767361.40697
303990.30868,2767360.40697
303989.30868,2767359.40697
303988.30868,2767358.40697
303987.30868,2767357.40697
303986.30868,2767356.40697
303985.30868,2767355.40697
303984.30868,2767354.40697
303983.30868,2767353.40697
303982.30868,2767352.40697
303981.30868,2767351.40697
303980.30868,2767350.40697
303979.30868,2767349.40697
303978.30868,2767348.40697
303977.30868,2767347.40697
303976.30868,2767346.40697
303975.30868,2767345.40697
303974.30868,2767344.40697
303973.30868,2767343.40697
303972.30868,2767342.40697
303971.30868,2767341.40697
303970.30868,2767340.40697
303969.30868,2767339.40697
303968.30868,2767338.40697
303967.30868,2767337.40697
303966.30868,2767336.40697
303965.30868,2767335.40697
303964.30868,2767334.40697
303963.30868,2767333.40697
303962.30868,2767332.40697
303961.30868,2767331.40697
303960.30868,2767330.40697
303959.30868,2767329.40697
303958.30868,2767328.40697
303957.30868,2767327.40697
303956.30868,2767326.40697
303955.30868,2767325.40697
303954.30868,2767324.40697
303953.30868,2767323.40697
303952.30868,2767322.40697
303951.30868,2767321.40697
303950.30868,2767320.40697
303949.30868,2767319.40697
303948.30868,2767318.40697
303947.30868,2767317.40697
303946.30868,2767316.40697
303945.30868,2767315.40697
303944.30868,2767314.40697
303943.30868,2767313.40697
303942.30868,2767312.40697
303941.30868,2767311.40697
303940.30868,2767310.40697
303939.30868,2767309.40697
303938.30868,2767308.40697
303937.30868,2767307.40697
303936.30868,2767306.40697
303935.30868,2767305.40697
303934.30868,2767304.40697
303933.30868,2767303.40697
303932.30868,2767302.40697
303931.30868,2767301.40697
303930.30868,2767300.40697
303929.30868,2767299.40697
303928.30868,2767298.40697
303927.30868,2767297.40697
303926.30868,2767296.40697
303925.30868,2767295.40697
303924.30868,2767294.40697
303923.30868,2767293.40697
303922.30868,2767292.40697
303921.30868,2767291.40697
303920.30868,2767290.40697
303919.30868,2767289.40697
303918.30868,2767288.40697
303917.30868,2767287.40697
303916.30868,2767286.40697
303915.30868,2767285.40697
303914.30868,2767284.40697
303913.30868,2767283.40697
303912.30868,2767282.40697
303911.30868,2767281.40697
303910.30868,2767280.40697
303909.30868,2767279.40697
303908.30868,2767278.40697
303907.30868,2767277.40697
303906.30868,2767276.40697
303905.30868,2767275.40697
303904.30868,2767274.40697
303903.30868,2767273.40697
303902.30868,2767272.40697
303901.30868,2767271.40697
303900.30868,2767270.40697
303899.30868,2767269.40697
303898.30868,2767268.40697
303897.30868,2767267.40697
303896.30868,2767266.40697
303895.30868,2767265.40697
303894.30868,2767264.40697
303893.30868,2767263.40697
303892.30868,2767262.40697
303891.30868,2767261.40697
303890.30868,2767260.40697
303889.30868,2767259.40697
303888.30868,2767258.40697
303887.30868,2767257.40697
303886.30868,2767256.40697
303885.30868,2767255.40697
303884.30868,2767254.40697
303883.30868,2767253.40697
303882.30868,2767252.40697
303881.30868,2767251.40697
303880.30868,2767250.40697
303879.30868,2767249.40697
303878.30868,2767248.40697
303877.30868,2767247.40697
303876.30868,2767246.40697
303875.30868,2767245.40697
303874.30868,2767244.40697
303873.30868,2767243.40697
303872.30868,2767242.40697
303871.30868,2767241.40697
303870.30868,2767240.40697
303869.30868,2767239.40697
303868.30868,2767238.40697
303867.30868,2767237.40697
303866.30868,2767236.40697
303865.30868,2767235.40697
303864.30868,2767234.40697
303863.30868,2767233.40697
303862.30868,2767232.40697
303861.30868,2767231.40697
303860.30868,2767230.40697
303859.30868,2767229.40697
303858.30868,2767228.40697
303857.30868,2767227.40697
303856.30868,2767226.40697
303855.30868,2767225.40697
303854.30868,2767224.40697
303853.30868,2767223.40697
303852.30868,2767222.40697
303851.30868,2767221.40697
303850.30868,2767220.40697
303849.30868,2767219.40697
303848.30868,2767218.40697
303847.30868,2767217.40697
303846.30868,2767216.40697
303845.30868,2767215.40697
303844.30868,2767214.40697
303843.30868,2767213.40697
303842.30868,2767212.40697
303841.30868,2767211.40697
303840.30868,2767210.40697
303839.30868,2767209.40697
303838.30868,2767208.40697
303837.30868,2767207.40697
303836.30868,2767206.40697
303835.30868,2767205.40697
303834.30868,2767204.40697
303833.30868,2767203.40697
303832.30868,2767202.40697
303831.30868,2767201.40697
303830.30868,2767200.40697
303829.30868,2767199.40697
303828.30868,2767198.40697
303827.30868,2767197.40697
303826.30868,2767196.40697
303825.30868,2767195.40697
303824.30868,2767194.40697
303823.30868,2767193.40697
303822.30868,2767192.40697
303821.30868,2767191.40697
303820.30868,2767190.40697
303819.30868,2767189.40697
303818.30868,2767188.40697
303817.30868,2767187.40697
303816.30868,2767186.40697
303815.30868,2767185.40697
303814.30868,2767184.40697
303813.30868,2767183.40697
303812.30868,2767182.40697
303811.30868,2767181.40697
303810.30868,2767180.40697
303809.30868,2767179.40697
303808.30868,2767178.40697
303807.30868,2767177.40697
303806.30868,2767176.40697
303805.30868,2767175.40697
303804.30868,2767174.40697
303803.30868,2767173.40697
303802.30868,2767172.40697
303801.30868,2767171.40697
303800.30868,2767170.40697
303799.30868,2767169.40697
303798.30868,2767168.40697
303797.30868,2767167.40697
303796.30868,2767166.40697
303795.30868,2767165.40697
303794.30868,2767164.40697
303793.30868,2767163.40697
303792.30868,2767162.40697
303791.30868,2767161.40697
303790.30868,2767160.40697
303789.30868,2767159.40697
303788.30868,2767158.40697
303787.30868,2767157.40697
303786.30868,2767156.40697
303785.30868,2767155.40697
